-61
-64
-65
-67
-68
-71
-75
-78
-61
-64
-65
-67
-68
-71
-75
-78
-61
-64
-65
-67
-68
-71
-75
-78
-61
-64
-65
-67
-68
-71
-75
-78
-61
-64
-65
-67
-68
-71
-75
-78
-61
-64
-65
-67
-68
-71
-75
-78
-61
-64
-65
-67
-68
-71
-75
-78
-61
-64
-65
-67
-68
-71
-75
-78
-61
-64
-65
-67
-68
-71
-75
-78
-61
-64
-65
-67
-68
-71
-75
-78
-61
-64
-65
-67
-68
-71
-75
-78
-61
-64
-65
-67
-68
-71
-75
-78
-61
-64
-65
-67
-68
-71
-75
-78
-61
-64
-65
-67
-68
-71
-75
-78
-61
-64
-65
-67
-68
-71
-75
-78
-61
-64
-65
-67
-68
-71
-75
-78
-61
-64
-65
-67
-68
-71
-75
-78
-61
-64
-65
-67
-68
-71
-75
-78
-61
-64
-65
-67
-68
-71
-75
-78